"安康" 109.285714285714 55.2857142857143 63.1428571428571 36 33.4285714285714 32 28.5714285714286 33.2857142857143 24.4285714285714 33.2857142857143 15.2142857142857 16.4285714285714 17.0714285714286 13.7142857142857 12.7142857142857 14.1428571428571 12.5714285714286 23.4285714285714 11 10 21.2857142857143 31.8571428571429 40.5714285714286 33.2857142857143 70.1428571428571 100.8
"安庆" 62.7142857142857 55 55.4285714285714 59.4285714285714 47.4285714285714 25 22.7142857142857 32 25 30.4285714285714 24.2857142857143 29.5714285714286 11.7142857142857 15.4285714285714 11.5714285714286 22.2857142857143 22.7142857142857 26 14.5714285714286 16.2857142857143 37.1428571428571 34.5714285714286 52.5714285714286 34.7142857142857 45.4285714285714 156.6
"安顺" 47 40.1428571428571 27.1428571428571 22.4285714285714 32.5714285714286 25.1428571428571 22.4285714285714 32.8571428571429 24.2857142857143 37 18.1428571428571 20.8571428571429 11.8571428571429 11.5714285714286 11.9285714285714 8.85714285714286 12.4285714285714 22 11.7142857142857 14.4285714285714 21.7142857142857 20.7142857142857 39.1428571428571 29.8571428571429 46.4285714285714 46.4
"安阳" 99.1428571428571 68.2857142857143 123.857142857143 59.5714285714286 74 89.7142857142857 33.1428571428571 43 30.4285714285714 39.7142857142857 23.8571428571429 26.1428571428571 19.1428571428571 21.5714285714286 23.2857142857143 30.1428571428571 26.7142857142857 44.1428571428571 25.5714285714286 28.2857142857143 41.8571428571429 66.2857142857143 45.2857142857143 61 90.5714285714286 116
"鞍山" 26.1428571428571 57.7142857142857 78.1428571428571 31.7142857142857 55.1428571428571 47.7142857142857 73.2857142857143 30.7142857142857 20.1428571428571 35.2857142857143 25 28.4285714285714 23.5714285714286 24.5714285714286 12.4285714285714 16.5714285714286 20.2857142857143 28.7142857142857 25.2857142857143 18.5714285714286 21.7142857142857 33.1428571428571 29.2857142857143 38.5714285714286 62 62
"巴中" 107.714285714286 61.5714285714286 45.8571428571429 29.8571428571429 38.2857142857143 13.5714285714286 23.1428571428571 24.1428571428571 22.5714285714286 45.1428571428571 11.5714285714286 17.5714285714286 18.1428571428571 17.5714285714286 12.5714285714286 10.8571428571429 12.5714285714286 25.2857142857143 8.57142857142857 6 20.2857142857143 16.7142857142857 37 45.5714285714286 61.5714285714286 105.2
"百色" 56.8571428571429 55.7142857142857 21.8571428571429 45.1428571428571 52.2857142857143 38.2857142857143 40 44.2857142857143 32 33.4285714285714 24.7142857142857 23.8571428571429 16.8571428571429 19.5714285714286 27.2857142857143 13.8571428571429 3.82700892857143 15.7142857142857 22.7142857142857 26.5714285714286 26.4285714285714 24.2857142857143 51.3571428571429 37.7142857142857 48.1428571428571 68.4
"蚌埠" 56.7142857142857 48.4285714285714 48.4285714285714 47.7142857142857 53.1428571428571 61 28.2857142857143 31.4285714285714 27.8571428571429 25.8571428571429 27.4285714285714 28.4285714285714 17 17.2857142857143 12.5714285714286 25.4285714285714 22.7142857142857 21.4285714285714 17.8571428571429 19.2857142857143 48.5714285714286 45.2857142857143 60.5714285714286 45.2857142857143 67.4285714285714 158
"宝鸡" 117.428571428571 63.4285714285714 145.428571428571 71.5714285714286 48.2142857142857 71.4285714285714 46.4285714285714 68.8571428571429 34.8571428571429 26.7142857142857 12.5714285714286 18.5714285714286 18.1428571428571 16.7142857142857 18 23.2857142857143 18.1428571428571 36.0357142857143 19.7142857142857 17 21.8571428571429 59.1428571428571 47.2142857142857 55.8571428571429 93.2857142857143 113
"保定" 58.1428571428571 42.1428571428571 94.4285714285714 46.8571428571429 105.142857142857 83.5714285714286 29.4285714285714 34.4285714285714 27.5714285714286 42.7142857142857 28.2857142857143 25.5714285714286 18.8571428571429 11.7142857142857 17 21.7142857142857 16.8571428571429 44.5714285714286 25.5714285714286 34.1428571428571 46.7142857142857 48.1428571428571 35.2857142857143 62.2857142857143 59.1428571428571 119.4
"北海" 14.7142857142857 46.1428571428571 19.2857142857143 37.7142857142857 30.4285714285714 23.7142857142857 24.5714285714286 26.2142857142857 16 23.2857142857143 10.5714285714286 9.85714285714286 6.71428571428571 7.42857142857143 8 7 8.71428571428571 16.1428571428571 7.42857142857143 16 27.2857142857143 15 44.1428571428571 23.2857142857143 40.7142857142857 46.6
"北京" 42.5714285714286 25.4285714285714 73.1428571428571 29.7142857142857 93.7142857142857 76.4285714285714 26.7142857142857 24.5714285714286 25.8571428571429 38.1428571428571 25.4285714285714 22.1428571428571 22 14.4285714285714 20.1428571428571 32.8571428571429 13.8571428571429 51 18.2857142857143 18.1428571428571 29.1428571428571 17.5714285714286 16.2857142857143 56.8571428571429 26 58.6
"本溪" 29.8571428571429 64.4285714285714 56.8571428571429 31.1428571428571 52.4285714285714 43.1428571428571 57.2857142857143 29 18.7142857142857 25.7142857142857 19.8571428571429 26.7142857142857 21.2857142857143 17 11.2857142857143 11.8571428571429 17.2857142857143 23.4285714285714 19.5714285714286 18.8571428571429 24.1428571428571 32 32 34.8571428571429 53.5714285714286 68.2
"毕节" 60.5714285714286 42.1428571428571 30.9285714285714 16.7857142857143 42.7142857142857 23.1428571428571 20.8571428571429 31.1428571428571 31.5714285714286 31.2857142857143 21.1428571428571 20.5714285714286 19.7142857142857 12.5714285714286 14.7142857142857 14.4285714285714 20.8571428571429 26.7142857142857 15.2857142857143 13.2857142857143 30.1428571428571 27.1428571428571 60 59.8571428571429 57.4285714285714 75.6
"滨州" 56.5714285714286 59.1428571428571 105.428571428571 31.4285714285714 73.8571428571429 68.7142857142857 29.8571428571429 29 23.4285714285714 44.2857142857143 26 24.8571428571429 21.7142857142857 20.4285714285714 24.2857142857143 17 21 41.5714285714286 22 27.4285714285714 38.4285714285714 40.2857142857143 37.4285714285714 38.7142857142857 76.1428571428571 117.2
"亳州" 99.4285714285714 84.4285714285714 70.8571428571429 47 51.8571428571429 79.7142857142857 24.2857142857143 36.7142857142857 21.5714285714286 28.5714285714286 20.1428571428571 22.5714285714286 12.2857142857143 13.1428571428571 10.2857142857143 22.4285714285714 20.7142857142857 29.1428571428571 19.1428571428571 28 46 46.2857142857143 34.7142857142857 33.8571428571429 69.5714285714286 131.2
"沧州" 61.7142857142857 57 86.5714285714286 35.7142857142857 69.8571428571429 67.8571428571429 29.5714285714286 29.2857142857143 22.5714285714286 39.5714285714286 25.7142857142857 28.4285714285714 19.4285714285714 19.1428571428571 20.4285714285714 20.5714285714286 19.4285714285714 47.1428571428571 27 29.2857142857143 54.4285714285714 51.4285714285714 36.5714285714286 52.5714285714286 85 113.2
"常德" 153.571428571429 100.142857142857 75 54.7142857142857 40.5714285714286 30.2857142857143 22.8571428571429 34.4285714285714 31.2857142857143 39 20.5714285714286 25.4285714285714 17 13.5714285714286 14.2857142857143 24.7142857142857 36.4285714285714 18.9821428571429 18.5714285714286 15.1428571428571 45 34.5714285714286 53.2857142857143 37.2857142857143 76.4285714285714 153.4
"常州" 43.4285714285714 32.5714285714286 37.5714285714286 45 58 30.8571428571429 31.8571428571429 33.1428571428571 23.4285714285714 26.1428571428571 30.2857142857143 27.8571428571429 13.5714285714286 19.4285714285714 9.42857142857143 23.4285714285714 19.1428571428571 20.2857142857143 20.4285714285714 13.5714285714286 46.8571428571429 38.5714285714286 49 43 63.4285714285714 125.2
"潮州" 24.5714285714286 30.5 49.3571428571429 37.7142857142857 35.9285714285714 31.1428571428571 29.4285714285714 21 19.2857142857143 24.7142857142857 23.1428571428571 12.4285714285714 5.71428571428571 16.1428571428571 11.1428571428571 13.8571428571429 12.8571428571429 9.14285714285714 21.1428571428571 14.8571428571429 30 18.2857142857143 33.7142857142857 33.5714285714286 27 49.2
"郴州" 39.7142857142857 66.8571428571429 23.4285714285714 61.1428571428571 43 21 17.1428571428571 23.1428571428571 20 28 30.5714285714286 22.8571428571429 11.5 16.1428571428571 16 14.7142857142857 15.8571428571429 25 21.7142857142857 39.4285714285714 34.4285714285714 18.7142857142857 52 23.4285714285714 43.2857142857143 88.4
"成都" 109.428571428571 64.7142857142857 83.8571428571429 40.1428571428571 54.4285714285714 30.4285714285714 29.4285714285714 30.2857142857143 34.1428571428571 42.7142857142857 23.7142857142857 22.25 25.0714285714286 23.2857142857143 13.2857142857143 12.8571428571429 16.7142857142857 37 18.8571428571429 17.5714285714286 30.5714285714286 29.7142857142857 57.8571428571429 90.7142857142857 79.5714285714286 132
"承德" 46.8571428571429 33 50 27.2857142857143 53 58.1428571428571 20.4285714285714 20.7142857142857 20.7142857142857 41 16 17 19.1428571428571 8 18.1428571428571 15.5714285714286 10.4285714285714 34.5714285714286 13.1428571428571 13.1428571428571 20.4285714285714 15 18.8571428571429 36.7142857142857 33.8571428571429 52.4
"池州" 54.7142857142857 52.2857142857143 41.2857142857143 62.2857142857143 38.8571428571429 21.2857142857143 22 30 24 25.2857142857143 27.7142857142857 26.8571428571429 9.14285714285714 13 8.71428571428571 23.4285714285714 21 25.1428571428571 12.8571428571429 16 33.7142857142857 34 44.7142857142857 35.1428571428571 44.5714285714286 153.2
"崇左" 37.1428571428571 64.2142857142857 13.8571428571429 43.5714285714286 42.5714285714286 39.8571428571429 34.1428571428571 44.8571428571429 27.2857142857143 33 18 19.7142857142857 9.42857142857143 14.4285714285714 20.4285714285714 8.28571428571429 10.8571428571429 11.7142857142857 9.71428571428571 19.8571428571429 20.8571428571429 17.8571428571429 37 30.8571428571429 44.8571428571429 59
"滁州" 46.8571428571429 41.7142857142857 47.8571428571429 46.2857142857143 53.7142857142857 43.8571428571429 28.2857142857143 34.5714285714286 25.7142857142857 27.4285714285714 23.5714285714286 26.8571428571429 15.4285714285714 16.7142857142857 12.8571428571429 22 22.2857142857143 19.2857142857143 18 14.1428571428571 41.2857142857143 34 48.7142857142857 38.1428571428571 56.1428571428571 132.8
"达州" 122.214285714286 80.5714285714286 54.4285714285714 43.2857142857143 36.1428571428571 10.5714285714286 19.1428571428571 21.8571428571429 16.4285714285714 44.4285714285714 9.85714285714286 13 13.4285714285714 12.1428571428571 8.28571428571429 10.5714285714286 17.1428571428571 31.2857142857143 12.6428571428571 2.57142857142857 23.5714285714286 17 41.2857142857143 48 75.5714285714286 137
"大连" 22.7142857142857 46.4285714285714 71.7142857142857 26.2857142857143 48.8571428571429 40.4285714285714 39.5714285714286 29.7142857142857 16.8571428571429 27.5714285714286 18 16.7142857142857 16.2857142857143 20.2857142857143 15.1428571428571 15.1428571428571 14.5714285714286 24.8571428571429 15.2857142857143 12.5714285714286 30.8571428571429 27 20.7142857142857 39.4285714285714 26 49.6
"大同" 58.7142857142857 32.2857142857143 43.2857142857143 27.5714285714286 37 71.7142857142857 19.7142857142857 37.2857142857143 25.4285714285714 39.5714285714286 21 18.8571428571429 20.8571428571429 14.5714285714286 16.4285714285714 18.7142857142857 12.2857142857143 19.4285714285714 15 22.1428571428571 21.5714285714286 24 20.8571428571429 49.5714285714286 54.2857142857143 91
"丹东" 32.7142857142857 49.8571428571429 54.8571428571429 24 49.2857142857143 53.1428571428571 43.2857142857143 31.1428571428571 17.2857142857143 18.1428571428571 12 14 15.5714285714286 13.8571428571429 9.85714285714286 7.28571428571429 13.4285714285714 19.2857142857143 11.8571428571429 13.8571428571429 20.4285714285714 27 19.7142857142857 24.5714285714286 49.8571428571429 59.8
"德阳" 120.857142857143 61.4285714285714 81.4285714285714 43.5714285714286 59.7142857142857 31.4285714285714 29 32.7142857142857 35.5714285714286 43.5714285714286 19.5714285714286 22.2857142857143 30.1428571428571 24 13.8571428571429 13.2857142857143 19.7142857142857 35.2857142857143 14.5714285714286 18.4285714285714 30 27.4285714285714 58.7142857142857 110.785714285714 85 123.7
"德州" 70.5714285714286 60 87.7142857142857 36 72.8571428571429 70.5714285714286 27.1428571428571 30.8571428571429 25.5714285714286 37.2857142857143 26.7142857142857 26.1428571428571 19.1428571428571 18.1428571428571 23.8571428571429 21 17 49.7142857142857 22.4285714285714 24.7142857142857 36.5714285714286 50.8571428571429 38.7142857142857 43 93.5714285714286 113.8
"东莞" 16.1428571428571 39.7142857142857 21.5714285714286 33.5714285714286 31.4285714285714 17.1428571428571 16.7142857142857 21.2857142857143 14 24.2857142857143 23.5 14.6428571428571 11.1428571428571 10.1428571428571 13.2857142857143 12.4285714285714 12.5714285714286 14.7142857142857 17.4285714285714 16.8571428571429 27.8571428571429 16.7142857142857 40.4285714285714 28 29.4285714285714 53.6
"东营" 41.8571428571429 49.4285714285714 85.7142857142857 28 77.8571428571429 57.4285714285714 26.1428571428571 29 20.2857142857143 39.7142857142857 18.8571428571429 19.2857142857143 15.8571428571429 18.7142857142857 20.1428571428571 11.4285714285714 17 29.7142857142857 18.5714285714286 25.1428571428571 33.8571428571429 33.7142857142857 29.7142857142857 31.5714285714286 61.7142857142857 111.8
"鄂州" 84.8571428571429 71.6428571428571 78.1428571428571 48.2857142857143 54.7142857142857 31.8571428571429 22.5714285714286 29.5714285714286 23 39.1428571428571 17.4285714285714 26.7142857142857 10.4285714285714 10.5714285714286 9 18.2857142857143 20.4285714285714 19.5714285714286 11.1428571428571 13.1428571428571 43.4285714285714 36.2142857142857 48.8571428571429 38.4285714285714 61.7142857142857 159.2
"佛山" 16.5714285714286 38.7142857142857 23.7142857142857 40.5714285714286 33.8571428571429 19.5714285714286 18.7142857142857 17.5 15.5714312962123 24.8571428571429 24.1428571428571 17 11.8571428571429 10.5714285714286 14.2857142857143 12.4285714285714 12.8571428571429 13.7142857142857 17.2857142857143 19.5714285714286 29.4285714285714 17.4285714285714 50 31 34.2857142857143 58.6
"福州" 25.7142857142857 27.1428571428571 19.4285714285714 37.4285714285714 28.1428571428571 25.4285714285714 22.4285714285714 25.8571428571429 17 30.4285714285714 11.1428571428571 17 8.57142857142857 15.8571428571429 6 16.5714285714286 12.1428571428571 6.71428571428571 12.4285714285714 10.2857142857143 22.5714285714286 11.7142857142857 23.8571428571429 28.5714285714286 24 32
"抚顺" 35.2857142857143 51.2857142857143 64.4285714285714 35 59.5714285714286 50.5714285714286 79.5714285714286 33.5714285714286 20.4285714285714 31.4285714285714 18.8571428571429 26 21.7142857142857 14.2857142857143 12.2857142857143 9.85714285714286 14.4285714285714 21.8571428571429 17.4285714285714 20.5714285714286 26.5714285714286 49 30 33 71.1428571428571 68.6
"抚州" 41.7142857142857 58.1428571428571 24.8571428571429 46.1428571428571 44.4285714285714 14.7142857142857 19.8571428571429 23.7142857142857 21.2857142857143 26.4285714285714 25.8571428571429 25.5714285714286 10.1428571428571 17.2857142857143 10.8571428571429 22.5714285714286 18.2857142857143 22.8571428571429 16.2857142857143 21.7142857142857 32.1428571428571 23.8571428571429 38 22.5714285714286 37.5714285714286 89.2
"阜新" 45.7142857142857 38.4285714285714 62.4285714285714 24.2857142857143 72.2857142857143 57.7142857142857 27.4285714285714 26.1428571428571 20.4285714285714 42.5714285714286 18.7142857142857 22.2857142857143 18.7142857142857 26.1428571428571 18.1428571428571 8.71428571428571 15.5714285714286 26 15.1428571428571 14.2857142857143 12 29.2857142857143 17 24.5714285714286 52.7142857142857 70.2
"阜阳" 95.7142857142857 83.5714285714286 61.5714285714286 57 50.8571428571429 93.4285714285714 27 29.8571428571429 26.8571428571429 25.8571428571429 18.7142857142857 22.8571428571429 10.1428571428571 12 11.4285714285714 20.1428571428571 23.2857142857143 23.7142857142857 16.2857142857143 22.7142857142857 33.2857142857143 47.7142857142857 48 45.1428571428571 77.4285714285714 173.4
"赣州" 24.8571428571429 63.4285714285714 11.7142857142857 40 38.1428571428571 16.2857142857143 19.5714285714286 22.7142857142857 20.4285714285714 26 22.1428571428571 21 9.57142857142857 15.8571428571429 11.4285714285714 14.8571428571429 15 18.4285714285714 17.5714285714286 26.5714285714286 32.8571428571429 24.4285714285714 41 30.7142857142857 35 57.2
"广安" 118.142857142857 116.142857142857 74.1428571428571 49.1428571428571 54.2857142857143 23.7142857142857 29.1428571428571 37.7142857142857 27.4285714285714 41 20 23.8571428571429 19.5714285714286 20 17.5714285714286 15.7142857142857 33.5714285714286 34.2857142857143 20 8.57142857142857 29.4285714285714 23.4285714285714 58.8571428571429 68.8571428571429 92 149.4
"广元" 86.4285714285714 43.1428571428571 43.2857142857143 25.7142857142857 39.8571428571429 21.4285714285714 25.7142857142857 43.7142857142857 17.5267857142857 34.1428571428571 7.14285714285714 15.9285714285714 19.2857142857143 10.9285714285714 10 9.57142857142857 10.8571428571429 18.4285714285714 9.42857142857143 5.42857142857143 20 20.2857142857143 34.7142857142857 37.4285714285714 53.2857142857143 84.6
"广州" 16.8571428571429 43 23.4285714285714 39.9285714285714 36.2857142857143 19.4285714285714 19 21.8571428571429 17.2857142857143 25.4285714285714 27.1428571428571 15.8571428571429 12.7857142857143 13.5714285714286 14.8571428571429 14.5714285714286 13.5714285714286 14 19.8571428571429 20 27.7142857142857 17.7142857142857 44.7142857142857 28.8571428571429 31 52.2
"贵港" 22.2857142857143 57.1428571428571 12.4285714285714 55 49 39 29.2857142857143 40.7142857142857 27.5714285714286 29.2857142857143 24.0714285714286 20.8571428571429 11.7857142857143 17.5714285714286 24.2857142857143 10.7142857142857 14.1428571428571 12.8571428571429 16.4285714285714 22 26 17.4285714285714 52.2857142857143 26 25 50
"贵阳" 47.5714285714286 40.1428571428571 20.1428571428571 25.5714285714286 35.8571428571429 19.4285714285714 27.4285714285714 32.8571428571429 22.7142857142857 31.4285714285714 16.7142857142857 20.4285714285714 11.7142857142857 12 14.7142857142857 8.28571428571429 11.1428571428571 14 9 11.4285714285714 20.7142857142857 11.7142857142857 38.8571428571429 24.5 47.8571428571429 57.2
"桂林" 51.5714285714286 53.4285714285714 15.1428571428571 59.2857142857143 62.4285714285714 25.2857142857143 22.4285714285714 37.1428571428571 28.2857142857143 29.4285714285714 23.8571428571429 22.1428571428571 11.5714285714286 13.2857142857143 17.3571428571429 9.57142857142857 13.1428571428571 15.8571428571429 12.5714285714286 23.2857142857143 26.7142857142857 16.4285714285714 50.5714285714286 37.2857142857143 43.7142857142857 83.6
"邯郸" 88.7142857142857 58.7142857142857 108.285714285714 52.2857142857143 70 101.857142857143 31 38.1428571428571 28.7142857142857 40.7142857142857 25.1428571428571 26 19.7142857142857 19.8571428571429 22.8571428571429 25.7142857142857 25.2857142857143 46.1428571428571 23.2857142857143 26.7142857142857 45.7142857142857 59.2857142857143 38.4285714285714 55.1428571428571 76.2857142857143 111.4
"汉中" 167.714285714286 79.1428571428571 77.4285714285714 39 42.5714285714286 30 31.6785714285714 46.5714285714286 32.2857142857143 33 10.6428571428571 19.2142857142857 18.8571428571429 16.6428571428571 13.4285714285714 10.2857142857143 12.2142857142857 23.2857142857143 11.4285714285714 5 23.7142857142857 31.1428571428571 56.4285714285714 58.7142857142857 96 127.2
"杭州" 37.4285714285714 41 32.2857142857143 44.7142857142857 46 25.2857142857143 26.4285714285714 28.1428571428571 22.7142857142857 24.8571428571429 32.8571428571429 27.2857142857143 11.8571428571429 21.8571428571429 9.85714285714286 26.2857142857143 16.7142857142857 21.1428571428571 16 12.7142857142857 37.5714285714286 31.7142857142857 40 34.5714285714286 52.7142857142857 124.2
"合肥" 50.7142857142857 43.2857142857143 47.1428571428571 44.2857142857143 44.4285714285714 39.5714285714286 25.7142857142857 33.5714285714286 27.5714285714286 31.1428571428571 26.1428571428571 28.7142857142857 15.8571428571429 18.1428571428571 14.5714285714286 23.8571428571429 24.8571428571429 23.2857142857143 18.4285714285714 16.8571428571429 40.7142857142857 34.7142857142857 44.7142857142857 37 54.4285714285714 151.4
"河池" 51.1428571428571 46.1428571428571 12 29 46.8571428571429 25.8571428571429 28.2857142857143 29 25.2857142857143 26.4285714285714 19.8571428571429 19.1428571428571 10.8571428571429 13.8571428571429 21 9.28571428571429 10.4285714285714 14.5714285714286 12.4285714285714 16.2857142857143 21.2857142857143 14.1428571428571 50 33.7142857142857 40 71.2
"河源" 17.2142857142857 50.0714285714286 14.2857142857143 34.2857142857143 31.4285714285714 18.2857142857143 18.2857142857143 17 16.5714342934745 19.7142857142857 20.2857142857143 12.7142857142857 6.85714285714286 14.8571428571429 11.2857142857143 13.8571428571429 10 11.8571428571429 0.850446428571429 18.8571428571429 27.4285714285714 11.6227678571429 16 22.7142857142857 26 39.2
"菏泽" 105.714285714286 84 109.714285714286 47.4285714285714 60.7142857142857 73.4285714285714 25.4285714285714 37.1428571428571 23.1428571428571 35.7142857142857 25.5714285714286 28.8571428571429 15.2857142857143 17.1428571428571 15.4285714285714 25.5714285714286 20.7142857142857 43.1428571428571 17.5714285714286 33.5714285714286 53 54.1428571428571 46.8571428571429 43.8571428571429 74.7142857142857 142.6
"贺州" 31.5714285714286 58.5714285714286 12.7142857142857 51 43.8571428571429 28.2857142857143 19.1428571428571 28.2857142857143 26.7142857142857 26.7142857142857 26.7142857142857 18.8571428571429 14.5714285714286 19.4285714285714 25.2857142857143 13.2857142857143 15.5714285714286 15.8571428571429 14.8571428571429 23 29.4285714285714 16 52.7142857142857 36 44.8571428571429 57.2
"鹤壁" 98 63.7142857142857 119.571428571429 60.7142857142857 62.1428571428571 86 34.7142857142857 41 29.8571428571429 45.7142857142857 25.8571428571429 24.4285714285714 22.5714285714286 21 24 32.5714285714286 26.1428571428571 41.2857142857143 25.5714285714286 29.8571428571429 43.7142857142857 65.7142857142857 43.5714285714286 53.5714285714286 75 101
"衡水" 68.7142857142857 66.8571428571429 95.4285714285714 34.4285714285714 75.8571428571429 77.5714285714286 20.8571428571429 29.5714285714286 23.5714285714286 38.2857142857143 23.8571428571429 21.7142857142857 17.2857142857143 15.5714285714286 22.8571428571429 20.5714285714286 14.5714285714286 43.1428571428571 23.7142857142857 22 48.1428571428571 55.2857142857143 35 52.2857142857143 91 115.2
"衡阳" 94.4285714285714 72.6428571428571 55.7142857142857 65.5714285714286 53.8571428571429 22.8571428571429 19 27.4285714285714 28.7142857142857 49.7142857142857 30.1428571428571 25 15.4285714285714 16.4285714285714 16.4285714285714 19.1428571428571 23.4285714285714 21.4285714285714 18.8571428571429 28.2857142857143 45.7142857142857 29.5714285714286 58 42.7142857142857 60.2857142857143 159.6
"葫芦岛" 42.8571428571429 31.8571428571429 73.4285714285714 28 72.2857142857143 56.5714285714286 25.8571428571429 23 18 36.2857142857143 20.5714285714286 23.8571428571429 24.1428571428571 24.4285714285714 17.8571428571429 11.2857142857143 16.4285714285714 23.4285714285714 16 17.2857142857143 14.7142857142857 33.1428571428571 22 34 57 83
"湖州" 39.5714285714286 34.2857142857143 33 44.2857142857143 54 27.7142857142857 30.1428571428571 31.5714285714286 25.1428571428571 26.4285714285714 35 26.8571428571429 13.8571428571429 23.7142857142857 10.4285714285714 28.5714285714286 21.8571428571429 20.2857142857143 21.2857142857143 12.1428571428571 42.4285714285714 36.4285714285714 46.5714285714286 43 56.1428571428571 114.4
"怀化" 85.4285714285714 70.1428571428571 52.7142857142857 40.4285714285714 46.7142857142857 16.8571428571429 28.8571428571429 27.4285714285714 26 33.5714285714286 23.2857142857143 22.2857142857143 13.2857142857143 13.7857142857143 16.3571428571429 18.7142857142857 21.5 22.6428571428571 13.1428571428571 12.7142857142857 28.9285714285714 14.4285714285714 41.4285714285714 32.7142857142857 44.8571428571429 95.6
"淮安" 58.8571428571429 36 42.5714285714286 42.4285714285714 72 43.2857142857143 30.7142857142857 32.5714285714286 27.4285714285714 28.4285714285714 27.4285714285714 26.2857142857143 14.4285714285714 16.7142857142857 11.7142857142857 22 18.4285714285714 19.8571428571429 19.5714285714286 18.8571428571429 51 43.5714285714286 51.2857142857143 39.4285714285714 61.7142857142857 124.2
"淮北" 82.8571428571429 63.2857142857143 65.2857142857143 48.7142857142857 62.1428571428571 74 29.2857142857143 34.7142857142857 27.1428571428571 30.1428571428571 26.1428571428571 24.8571428571429 17.1428571428571 19.5714285714286 13 27.8571428571429 24 26.1428571428571 21 21.2857142857143 59.8571428571429 53.7142857142857 50.8571428571429 48.5714285714286 79.8571428571429 150.6
"淮南" 71.7142857142857 58 54.4285714285714 53.4285714285714 49.7142857142857 68 29.8571428571429 33.1428571428571 27.7142857142857 27.4285714285714 25.2857142857143 28.5714285714286 14.5714285714286 14.5714285714286 11.1428571428571 24.2857142857143 22.7142857142857 19.5714285714286 15.7142857142857 18.5714285714286 43.7142857142857 45.8571428571429 57.7142857142857 46.8571428571429 69.8571428571429 168.2
"黄冈" 83.1428571428571 67.8571428571429 78.5714285714286 48 56.1428571428571 36.3571428571429 24.1428571428571 30.4285714285714 22.2857142857143 39.5714285714286 17.1428571428571 25.8571428571429 18 19.5714285714286 15.5714285714286 25.2857142857143 28 27.1428571428571 18.2857142857143 24 47 39 48.7142857142857 39.1428571428571 59.2857142857143 147.8
"黄山" 33 45.7142857142857 20.4285714285714 47.8571428571429 33.1428571428571 19.7142857142857 20 24.2857142857143 19.5714285714286 22.8571428571429 14.7142857142857 16.7142857142857 5.28571428571429 8 5.14285714285714 11.5714285714286 9 11.1428571428571 6.42857142857143 9.71428571428571 24.5714285714286 21 31.1428571428571 25.7142857142857 30.1428571428571 47.4
"黄石" 78.7142857142857 71.4285714285714 77.8571428571429 51.2857142857143 52.8571428571429 30.4285714285714 21.2857142857143 28.1428571428571 19.8571428571429 35.8571428571429 21 25.1428571428571 10.4285714285714 11.7142857142857 12.5714285714286 18.7142857142857 20 19.4285714285714 11.2857142857143 15 38 31.2142857142857 44.4285714285714 36.2857142857143 58.8571428571429 142.6
"惠州" 17.5714285714286 40.4285714285714 19.2857142857143 31.7142857142857 29.5714285714286 17.1428571428571 17.3571428571429 14.7857142857143 15.0714285714286 18.8571428571429 21.5714285714286 8.28571428571429 7.21428571428571 9.57142857142857 11.1428571428571 13.7142857142857 9.28571428571429 13.4285714285714 14.4285714285714 17.4285714285714 25.7142857142857 15.8571428571429 34.5714285714286 22.7142857142857 27 36.2
"吉安" 42.4285714285714 57.8571428571429 24.2857142857143 45.8571428571429 45.1428571428571 21.7142857142857 22.7142857142857 28.2857142857143 22.7142857142857 31.1428571428571 25.5714285714286 25.1428571428571 13.1428571428571 20.1428571428571 13.8571428571429 20.4285714285714 21.1428571428571 19.4285714285714 20.8571428571429 25.4285714285714 40.8571428571429 25.4285714285714 39.4285714285714 29.2857142857143 39.7142857142857 72.8
"济南" 72.1428571428571 64.4285714285714 99.4285714285714 29.1428571428571 60.8571428571429 70.1428571428571 22.1428571428571 32.5714285714286 22.1428571428571 33.7142857142857 29.5714285714286 23 15.2857142857143 15.7142857142857 15.7142857142857 20.1428571428571 20.2857142857143 42.8571428571429 18.4285714285714 20.8571428571429 31.8571428571429 39 39.4285714285714 43 64.4285714285714 144.4
"济宁" 89.5714285714286 84.1428571428571 105.571428571429 44.2857142857143 68.1428571428571 79.2857142857143 24.7142857142857 34.5714285714286 24.5714285714286 31.7142857142857 31.1428571428571 26.2857142857143 19.8571428571429 18.5714285714286 15.1428571428571 23.8571428571429 24 32.2857142857143 17.5714285714286 26.1428571428571 42.4285714285714 46.7142857142857 45.5714285714286 44.4285714285714 74.2857142857143 136.6
"嘉兴" 32.5714285714286 29.8571428571429 29 42.1428571428571 45.5714285714286 24.8571428571429 28.2857142857143 26.5714285714286 24.1428571428571 22.1428571428571 29.2857142857143 21 15 22.7142857142857 8.85714285714286 23.1428571428571 16.5714285714286 16.4285714285714 16.4285714285714 9.85714285714286 35.5714285714286 32.2857142857143 41.8571428571429 42.5714285714286 55.5714285714286 106.4
"江门" 16.2142857142857 31.4285714285714 26.8571428571429 39.9285714285714 31.4285714285714 18.1428571428571 17.5714285714286 25.8571428571429 14.4285714285714 26.7142857142857 21.0714285714286 15 10.8571428571429 10 13.4285714285714 11.8571428571429 10.2857142857143 14.7142857142857 15.1428571428571 19.8571428571429 33.8571428571429 17.2857142857143 52.2857142857143 30 36.1428571428571 72.8
"焦作" 107 60.7142857142857 132.142857142857 61.7142857142857 52.1428571428571 87.7142857142857 33.2857142857143 41.1428571428571 27.4285714285714 41.4285714285714 24.4285714285714 23 23.1428571428571 17.5714285714286 20.2857142857143 29.7142857142857 26.5714285714286 39 22.7142857142857 27.1428571428571 47.2857142857143 68.7142857142857 35.5714285714286 55.8571428571429 57.8571428571429 116.6
"揭阳" 30.8571428571429 44.2857142857143 42.7142857142857 42.7142857142857 39.7142857142857 28.5714285714286 28.8571428571429 22.5714285714286 19.5714285714286 25.2857142857143 22.2857142857143 15.1428571428571 9.57142857142857 14.1428571428571 11.5714285714286 13.2857142857143 15.2857142857143 12.1428571428571 23 17.5714285714286 35.7142857142857 22.8571428571429 44 36.9285714285714 36.0714285714286 54.4
"金华" 46.7142857142857 35.1428571428571 32.1428571428571 50.7142857142857 41.1428571428571 31 29.8571428571429 30.4285714285714 22.1428571428571 28.7142857142857 35.7142857142857 33.2857142857143 15.5714285714286 18.7142857142857 8.42857142857143 23.2857142857143 14.7142857142857 17.7142857142857 15 13.2857142857143 32.5714285714286 26.4285714285714 41 39.8571428571429 47.1428571428571 109.2
"锦州" 51 37.4285714285714 83.2857142857143 28.4285714285714 78.4285714285714 64.7142857142857 29 25.7142857142857 21.5714285714286 39.5714285714286 26.7142857142857 28.5714285714286 21.2857142857143 22 16.8571428571429 10.4285714285714 16 23.8571428571429 19.2857142857143 19.7142857142857 18.8571428571429 39.7142857142857 21.5714285714286 31.2857142857143 61.8571428571429 96
"晋城" 70.8571428571429 28.8571428571429 112.285714285714 63.5714285714286 39.7142857142857 81.4285714285714 20.8571428571429 40.7142857142857 23.2857142857143 40.1428571428571 20 19.8571428571429 20.4285714285714 12.1428571428571 14.5714285714286 24 20.4285714285714 34.5714285714286 18.2857142857143 17.1428571428571 44.1428571428571 42.1428571428571 21.5714285714286 44.2857142857143 36.7142857142857 86.4
"晋中" 73.2857142857143 35.5714285714286 103.857142857143 61.1428571428571 43.4285714285714 87.7142857142857 25.8571428571429 40.1428571428571 27 32 22.2857142857143 18.5714285714286 19.4285714285714 16.2857142857143 17.7142857142857 25.4285714285714 18 31.4285714285714 20.4285714285714 37.2857142857143 45 36.1428571428571 28.5714285714286 52.8571428571429 57.8571428571429 126.6
"荆门" 127.571428571429 56.8571428571429 97.4285714285714 55.4285714285714 57 56.1428571428571 35.7142857142857 43.4285714285714 37 43.4285714285714 18.1428571428571 24.8571428571429 16.8571428571429 14.7142857142857 15.8571428571429 23 28.8571428571429 26.1428571428571 20.9285714285714 24.4285714285714 43.7142857142857 52.4285714285714 59.2857142857143 45.7142857142857 81.4285714285714 136.8
"荆州" 148.571428571429 77.1428571428571 101.857142857143 65.4285714285714 48.4285714285714 51.4285714285714 35.2857142857143 41.8571428571429 37.1428571428571 46 22.1428571428571 26.8571428571429 17.5714285714286 17.4285714285714 15.8571428571429 25.4285714285714 30.4285714285714 28.4285714285714 24 21.2857142857143 48 47.1428571428571 56 42.4285714285714 83.1428571428571 144.2
"景德镇" 36 44.8571428571429 18.7142857142857 38.7142857142857 37.2857142857143 12.4285714285714 20.8571428571429 23.2857142857143 21.1428571428571 31.7142857142857 22 24.2857142857143 12.5714285714286 17.2857142857143 13 24 17.5714285714286 18.1428571428571 14.5714285714286 15.8571428571429 34.7142857142857 20.7142857142857 33.5714285714286 21.7142857142857 30.2857142857143 52.4
"九江" 55 62 49 54 40.8571428571429 24.2857142857143 22.2857142857143 29.2857142857143 22 29.7142857142857 23.2857142857143 26.2857142857143 10.5714285714286 16.8571428571429 11.4285714285714 21.1428571428571 22.5714285714286 23.8571428571429 14.2857142857143 18.1428571428571 37.5714285714286 31.7142857142857 47 32.8571428571429 43.8571428571429 140.6
"开封" 101.571428571429 75.1428571428571 129.428571428571 57.2857142857143 63.7142857142857 82.8571428571429 32.7142857142857 40 28.1428571428571 34.7142857142857 19 27.1428571428571 18.8571428571429 17.8571428571429 18.1428571428571 27.2857142857143 21.4285714285714 41.5714285714286 21.4285714285714 27.1428571428571 42.5714285714286 66.8571428571429 41.5714285714286 54.8571428571429 80.5714285714286 111.8
"来宾" 38.7142857142857 59.5714285714286 14.5714285714286 53.1428571428571 51.5714285714286 27.7142857142857 28.2857142857143 36 27 30.1428571428571 23.4285714285714 19.8571428571429 10.6428571428571 13.4285714285714 22.4285714285714 10.6071428571429 12.4285714285714 15.0714285714286 15.7142857142857 21.4285714285714 25.7142857142857 16 49.4285714285714 32 49.5714285714286 83
"廊坊" 49.1428571428571 33 89 37.7142857142857 108 78.7142857142857 28.1428571428571 25.1428571428571 26.8571428571429 44.1428571428571 28.8571428571429 27.7142857142857 26.7142857142857 18.8571428571429 26.8571428571429 29.2857142857143 18.1428571428571 55 22.1428571428571 26.4285714285714 36.5714285714286 34.4285714285714 22.5714285714286 56.1428571428571 45.5714285714286 85.6
"乐山" 101 75.5714285714286 95.7142857142857 44 47.6428571428571 27.5714285714286 28.5714285714286 25.4285714285714 39.5714285714286 35.7142857142857 22.8571428571429 23.2857142857143 26.2857142857143 21.7857142857143 12.2857142857143 14 19.5714285714286 44.1428571428571 20 16 32 35.1428571428571 59.1428571428571 75.4285714285714 94.4285714285714 148.4
"丽水" 36.1428571428571 28.4285714285714 14.1428571428571 47.4285714285714 30.8571428571429 17.5714285714286 20.5714285714286 21.5714285714286 16 20.8571428571429 16.7142857142857 20.4285714285714 12.4285714285714 16 6.71428571428571 19.2857142857143 8.57142857142857 11.7142857142857 12.1428571428571 10.7142857142857 25.5714285714286 18.7142857142857 34.1428571428571 28 39.1428571428571 52.6
"连云港" 48.1428571428571 35.2857142857143 47 36.7142857142857 68.5714285714286 43.2857142857143 27.4285714285714 23 23 25 16 17.8571428571429 11.8571428571429 19.7142857142857 11.8571428571429 17.4285714285714 16.1428571428571 17.4285714285714 15.2857142857143 13.1428571428571 38.2857142857143 41.1428571428571 44.8571428571429 38.7142857142857 57.5714285714286 112.8
"辽阳" 28.7142857142857 52.4285714285714 83.2857142857143 31.4285714285714 54.8571428571429 49.1428571428571 82.8571428571429 29.1428571428571 18.4285714285714 35.8571428571429 22.1428571428571 23.2857142857143 18.7142857142857 20.5714285714286 10.8571428571429 11.2857142857143 18.5714285714286 23.7142857142857 19.7142857142857 19 21.7142857142857 37.2857142857143 34.4285714285714 38 77.4285714285714 71.6
"聊城" 90.1428571428571 74 98.4285714285714 46.2857142857143 81.8571428571429 83.8571428571429 27.4285714285714 35.2857142857143 27.5714285714286 36.5714285714286 25.2857142857143 30.2857142857143 18.2857142857143 19.5714285714286 18.5714285714286 25.2857142857143 20.4285714285714 48.8571428571429 20.8571428571429 26.5714285714286 42.4285714285714 50.4285714285714 41.7142857142857 45.8571428571429 76.1428571428571 119.2
"临汾" 95 58.1428571428571 128.428571428571 87 59.7142857142857 74.1428571428571 35.4285714285714 48.5714285714286 40.1428571428571 38.2857142857143 34.2857142857143 25.2857142857143 32 23 27.1428571428571 26.8571428571429 20.2857142857143 38 23.5714285714286 45 56.7142857142857 39.5714285714286 36.8571428571429 70.7142857142857 51 152.4
"临沂" 59.5714285714286 45.4285714285714 79.7142857142857 38.1428571428571 77.7142857142857 64.4285714285714 27.4285714285714 32.8571428571429 27.5714285714286 29.1428571428571 24.1428571428571 24 14.2857142857143 19.4285714285714 15.7142857142857 17.1428571428571 19 25.5714285714286 23.8571428571429 25.8571428571429 46 49.5714285714286 49.4285714285714 54.1428571428571 70.7142857142857 137
"柳州" 40.1428571428571 40.6428571428571 15.1428571428571 50 63.7142857142857 24.2857142857143 25.4285714285714 31.2857142857143 26.7142857142857 31.1428571428571 23.4285714285714 19.4285714285714 11.2857142857143 15 23.6428571428571 9.14285714285714 12.2857142857143 17.1428571428571 14.2857142857143 20.1428571428571 27.2857142857143 14.4285714285714 49.7142857142857 32 45.6428571428571 79.9
"六安" 69.1428571428571 52.7142857142857 52.2857142857143 49.8571428571429 36.8571428571429 47.1428571428571 23 27.1428571428571 18.1428571428571 20 18.7142857142857 20.5714285714286 9.14285714285714 10.8571428571429 9.28571428571429 16.8571428571429 17 17.4285714285714 11.4285714285714 13.1428571428571 29.7142857142857 37.7142857142857 43.7142857142857 36.7142857142857 57.1428571428571 159.2
"六盘水" 41.2857142857143 34.2857142857143 32.8571428571429 19.1428571428571 35.5714285714286 18.4285714285714 19 33.1428571428571 20.9285714285714 23.2142857142857 18 15.1428571428571 14 10.8571428571429 10 9.14285714285714 13.8571428571429 19.7142857142857 10.4285714285714 10.4285714285714 18.7142857142857 17.7142857142857 36.5714285714286 26.8571428571429 43.7142857142857 62.8
"龙岩" 17.8571428571429 30.5714285714286 20.1428571428571 24.1428571428571 29.8571428571429 24.5714285714286 20 19.7142857142857 15.1428571428571 19.8571428571429 19.7142857142857 15 7 14 8.14285714285714 12 10.8571428571429 6.28571428571429 18 13.4285714285714 24.7142857142857 15.2857142857143 28.1428571428571 17.5714285714286 20 31.4
"娄底" 103.428571428571 76.2857142857143 66.2857142857143 58.5714285714286 59 20.7857142857143 24.7142857142857 33.2857142857143 30 45.1428571428571 25.4285714285714 32.1428571428571 17.5 15.7142857142857 17 25.1428571428571 31.5714285714286 23.2857142857143 17.4285714285714 17.2857142857143 51.8571428571429 28.7142857142857 63.1428571428571 57.2857142857143 63.5 162.2
"泸州" 136.428571428571 93 118.285714285714 47.7142857142857 66.5714285714286 30.5714285714286 27.7142857142857 32.7142857142857 37.4285714285714 51 28.1428571428571 21.8571428571429 22.1428571428571 15 15 11 20 32.4285714285714 26.5714285714286 17.4285714285714 41.7142857142857 34 74.1428571428571 70.7142857142857 96.1428571428571 128.4
"洛阳" 95 59 140.571428571429 63.4285714285714 53.5714285714286 84.8571428571429 36.8571428571429 47 32.7142857142857 42.2857142857143 22.2857142857143 23.8571428571429 23.7142857142857 20 22 31 27.4285714285714 47 25.7142857142857 27.5714285714286 53.5714285714286 57.2857142857143 41 52 51.5714285714286 126.4
"漯河" 120.714285714286 89.1428571428571 129.571428571429 55.4285714285714 51.9285714285714 79.8571428571429 32.2857142857143 43.2857142857143 26.4285714285714 32.5 20.7142857142857 28.8571428571429 15.2857142857143 17.2857142857143 16.1428571428571 26.1428571428571 24.8571428571429 34.1428571428571 15.7142857142857 25.1428571428571 44.4285714285714 62.7142857142857 46.2857142857143 48.2857142857143 81.4285714285714 129
"吕梁" 60 28.5714285714286 50.4285714285714 32.5714285714286 31.2857142857143 51.4285714285714 17.2857142857143 41.2857142857143 16.4285714285714 23.7142857142857 14 13.2857142857143 16.1428571428571 20.5714285714286 19.4285714285714 27.4285714285714 20.8571428571429 36.2857142857143 21.1428571428571 26.5714285714286 33.5714285714286 28 25.7142857142857 47.4285714285714 45 70.4
"马鞍山" 46.4285714285714 44.4285714285714 44.4285714285714 52 54.4285714285714 29.7142857142857 26 33.5714285714286 25.5714285714286 27.8571428571429 28.2857142857143 28.5714285714286 15.4285714285714 19.1428571428571 13.7142857142857 26.8571428571429 24 21.2857142857143 18.1428571428571 14 44.2857142857143 36.2857142857143 51 39.4285714285714 58.4285714285714 139.4
"茂名" 16.4285714285714 38.7142857142857 16.8571428571429 38.1428571428571 31.2857142857143 17.5714285714286 18.2857142857143 25 14.2857142857143 18.7142857142857 16.1428571428571 14.1428571428571 8.42857142857143 8.28571428571429 16 12.1428571428571 9.85714285714286 15 9.42857142857143 21.4285714285714 26 16.7142857142857 43.4285714285714 21.4285714285714 31.2857142857143 51.8
"眉山" 107.142857142857 70.8571428571429 87.2857142857143 39.8571428571429 49.8571428571429 25 23.5714285714286 25.6428571428571 30.5714285714286 33.8571428571429 16.7142857142857 16.2857142857143 17 15.8571428571429 7.71428571428571 8.28571428571429 18 39.4285714285714 17.5714285714286 15 30.3571428571429 33.4285714285714 71.7857142857143 84.4285714285714 89.8571428571429 156.6
"梅州" 15.2857142857143 35.5714285714286 16.1428571428571 28.7142857142857 32.6428571428571 24.7142857142857 18 20 19 22.6428571428571 21.2142857142857 11.9285714285714 7.57142857142857 15.8571428571429 10.1428571428571 11.1428571428571 8.57142857142857 8.14285714285714 18.4285714285714 15.1428571428571 27.0714285714286 15.2857142857143 30.8571428571429 23.2857142857143 24.4285714285714 34
"绵阳" 115.142857142857 63 62.7142857142857 35.8571428571429 46.8571428571429 22.7142857142857 23.5714285714286 31.2857142857143 30.3571428571429 42.6428571428571 14.8571428571429 20.7142857142857 29.8571428571429 21.5714285714286 14.5714285714286 15.4285714285714 23 37.7142857142857 14.7142857142857 17.2142857142857 30.1428571428571 23.8571428571429 46 58.5714285714286 79.4285714285714 115.8
"南昌" 66.7142857142857 57.1428571428571 45.7142857142857 63 57.8571428571429 19.4285714285714 21.5714285714286 28.1428571428571 23.7142857142857 32.4285714285714 21.2857142857143 24 10 15.1428571428571 9.85714285714286 21.1428571428571 20.5714285714286 19.8571428571429 15.7142857142857 17.8571428571429 39.5714285714286 36.1428571428571 50.4285714285714 36 51.2857142857143 130.2
"南充" 106.142857142857 85.2857142857143 71.4285714285714 45.8571428571429 48.8571428571429 20.4285714285714 27.8571428571429 37.4285714285714 28.1428571428571 46.1428571428571 16 22.4285714285714 21.7142857142857 21.4285714285714 17.3571428571429 14.2857142857143 19 39.1428571428571 16.1428571428571 10.1428571428571 33.2857142857143 26.2857142857143 57.2857142857143 56.4285714285714 71 109
"南京" 39.1428571428571 35.4285714285714 34.5714285714286 39.1428571428571 49.2857142857143 28.1428571428571 23 32.8571428571429 20.8571428571429 22.7142857142857 23 24 12 13.8571428571429 10.1428571428571 18.8571428571429 18.1428571428571 17.2857142857143 14.7142857142857 11 38 30.5714285714286 42.5714285714286 33 49.7142857142857 113.8
"南宁" 28.7142857142857 46.5714285714286 11.4285714285714 45 39.8571428571429 30.2857142857143 25.4285714285714 33.8571428571429 24.1428571428571 30.5714285714286 21.4285714285714 20 10 13.7142857142857 23.5714285714286 10.1428571428571 15.5714285714286 16.4285714285714 12.8571428571429 21.4285714285714 27 17 50 28.8571428571429 46.7142857142857 61.6
"南平" 23.1428571428571 30.5714285714286 10.5714285714286 29.1428571428571 28.4285714285714 21.4285714285714 18 17 14.4285714285714 25.1428571428571 13.8571428571429 21 8.85714285714286 16.5714285714286 7 14.8571428571429 10.2857142857143 9.28571428571429 15.2857142857143 12.1428571428571 26.8571428571429 12.5714285714286 29.8571428571429 26.1428571428571 26.4285714285714 34.2
"南通" 32.2857142857143 29.5714285714286 25.2857142857143 33.2857142857143 55.2857142857143 24.1428571428571 32.7142857142857 25.1428571428571 20.2857142857143 21.8571428571429 15.1428571428571 16.2857142857143 13.5714285714286 22 7.71428571428571 17.2857142857143 11.8571428571429 12.5714285714286 11.1428571428571 7.57142857142857 37 31.7142857142857 44.2857142857143 41.8571428571429 53.8571428571429 86.2
"南阳" 103.571428571429 72.2857142857143 109.571428571429 59.7857142857143 50.1071428571429 60.4285714285714 32.4285714285714 42.4285714285714 25.2857142857143 34 17.7142857142857 21.7142857142857 17.3571428571429 17.5714285714286 16.7142857142857 23.4285714285714 17.7142857142857 26.8571428571429 17 25 32.5714285714286 61.1428571428571 46.8571428571429 47 89.7142857142857 136.2
"内江" 102.571428571429 93.8571428571429 93.2857142857143 50 60.1428571428571 28.4285714285714 26.4285714285714 28.5714285714286 42.4285714285714 42.0714285714286 19.8571428571429 20.1428571428571 17.7142857142857 18.5714285714286 13.4285714285714 15.1428571428571 19.1428571428571 38.4285714285714 20.4285714285714 15 32.4285714285714 27 61.5714285714286 62.8571428571429 84.7142857142857 138.2
"宁波" 22.2857142857143 26.5714285714286 23.7142857142857 27.2857142857143 30.1428571428571 22 22.4285714285714 21.4285714285714 16.7142857142857 19.2857142857143 18.4285714285714 20.4285714285714 13.1428571428571 14.8571428571429 7.28571428571429 18.4285714285714 14.5714285714286 14.8571428571429 11.4285714285714 9 29.8571428571429 21 34.4285714285714 29.8571428571429 54 79.4
"盘锦" 32.8571428571429 30.8571428571429 57 21.8571428571429 53 50.1428571428571 41.5714285714286 27.1428571428571 19.1428571428571 34.4285714285714 16.5714285714286 22.4285714285714 15.8571428571429 19.8571428571429 10.5714285714286 6.71428571428571 14.1428571428571 21.2857142857143 12.5714285714286 12.2857142857143 14 26.7142857142857 21.2857142857143 28.4285714285714 47.4285714285714 67
"平顶山" 96 56.1428571428571 123.428571428571 58 48 66.5714285714286 35 47.1428571428571 26.2857142857143 37.4285714285714 19.4285714285714 24 18.5714285714286 16.1428571428571 15.4285714285714 24.1428571428571 23.4285714285714 36.8571428571429 20.8571428571429 29.7142857142857 50.7142857142857 60 43.2857142857143 47.8571428571429 73.1428571428571 133.2
"萍乡" 63.2857142857143 67.8571428571429 34.4285714285714 56.2857142857143 45.2857142857143 24 22.8571428571429 23.7142857142857 27.1428571428571 35.1428571428571 29.1428571428571 23.5714285714286 14.2857142857143 15 15.8571428571429 21.7142857142857 27.5714285714286 23 21.8571428571429 28 39.5714285714286 23.8571428571429 47.8571428571429 36.8571428571429 62.7142857142857 113
"莆田" 27.4285714285714 28.4285714285714 22.5714285714286 36.4285714285714 29.7142857142857 31.7142857142857 25.2857142857143 27.1428571428571 18.4285714285714 30.7142857142857 9.71428571428571 11.7142857142857 7.71428571428571 13.5714285714286 5.85714285714286 20.1428571428571 12.8571428571429 5.57142857142857 14.5714285714286 8.57142857142857 22.8571428571429 9.28571428571429 22.2857142857143 28.1428571428571 18.7142857142857 29.6
"濮阳" 103.857142857143 85 127.714285714286 51.1428571428571 80.2857142857143 86.8571428571429 28.5714285714286 40.1428571428571 30.8571428571429 38.8571428571429 24.8571428571429 30 19.2857142857143 20.7142857142857 21 28.5714285714286 25.7142857142857 46 28 32.1428571428571 39.7142857142857 49.2857142857143 45.4285714285714 49.7142857142857 68 115.4
"钦州" 20.7142857142857 44.7857142857143 13.8571428571429 40.7142857142857 38.5714285714286 27.5714285714286 26.1428571428571 33.7142857142857 19.5714285714286 28.2857142857143 14 15.8571428571429 9.64285714285714 10.4285714285714 14 7.85714285714286 10.7857142857143 15.8571428571429 10.8571428571429 20.1428571428571 24.3571428571429 14.0714285714286 55.9285714285714 30.2857142857143 46 56.9
"秦皇岛" 38.8571428571429 32.5714285714286 63.2857142857143 30 67.4285714285714 64.5714285714286 23.7142857142857 23 17.8571428571429 37.2857142857143 20.4285714285714 16.7142857142857 16.2857142857143 11 13.7142857142857 9.42857142857143 15.1428571428571 30.1428571428571 18.1428571428571 20.1428571428571 25.4285714285714 27.5714285714286 23.5714285714286 34.1428571428571 30.1428571428571 73.4
"青岛" 34.1428571428571 30.8571428571429 56.2857142857143 30.2857142857143 68 37.4285714285714 28 21.5714285714286 16.4285714285714 28.1428571428571 15.5714285714286 14.1428571428571 14.1428571428571 20.8571428571429 13.7142857142857 16.8571428571429 15.5714285714286 17.1428571428571 13.5714285714286 13.2857142857143 27.4285714285714 29.2857142857143 39.7142857142857 34.7142857142857 51 113.4
"清远" 15.7142857142857 41.8571428571429 17.4285714285714 37 38 22.7857142857143 16 28.4285714285714 19 29.4285714285714 26.7142857142857 19 15.1428571428571 14.2857142857143 15.4285714285714 16.5714285714286 14.8571428571429 12 20.8571428571429 17 23.4285714285714 17 39.7142857142857 35.2857142857143 25.4285714285714 49.4
"衢州" 47.8571428571429 34.7142857142857 22.7142857142857 56.7142857142857 41.4285714285714 25.1428571428571 26.7142857142857 29.5714285714286 18.7142857142857 35.7142857142857 31.1428571428571 33.2857142857143 14.7142857142857 21.5714285714286 9.57142857142857 22.4285714285714 17.2857142857143 24.4285714285714 16.8571428571429 16 39.1428571428571 27.7142857142857 38.2857142857143 35 42.5714285714286 98.8
"泉州" 26.1428571428571 45.4285714285714 25.8571428571429 38.8571428571429 30.8571428571429 31.8571428571429 25.2857142857143 26.5714285714286 18.5714285714286 33.5714285714286 12.2857142857143 15.1428571428571 9.85714285714286 14 7.85714285714286 22 15.2857142857143 6.57142857142857 16.5714285714286 11.7142857142857 27.2857142857143 13.8571428571429 26 31.5714285714286 21.1428571428571 32.6
"日照" 38.7142857142857 29.7142857142857 51.5714285714286 31.7142857142857 68.8571428571429 45.4285714285714 22.7142857142857 23.4285714285714 20.4285714285714 31.7142857142857 17.2857142857143 17 15 21.1428571428571 13.7142857142857 14.7142857142857 14.2857142857143 18.7142857142857 17.1428571428571 14.8571428571429 31.8571428571429 36.4285714285714 36.8571428571429 39.7142857142857 51.7142857142857 112.4
"三门峡" 78.4285714285714 50.8571428571429 123 72.4285714285714 51 72 36.1428571428571 52 30.2857142857143 31.5714285714286 17.1428571428571 19.8571428571429 22.2857142857143 20.2857142857143 20.7142857142857 27.5714285714286 21.2857142857143 34.2857142857143 19.1428571428571 22 35.7142857142857 48 41.7142857142857 47.1428571428571 63.4285714285714 155.8
"厦门" 22.1428571428571 29.8571428571429 18.5714285714286 36.7142857142857 31.2857142857143 24.4285714285714 22 20.1428571428571 16.2857142857143 25.7142857142857 14.8571428571429 14.5714285714286 6.42857142857143 13.1428571428571 6.85714285714286 16.8571428571429 12.5714285714286 7.57142857142857 16.4285714285714 15.1428571428571 30.7142857142857 14.8571428571429 25.1428571428571 31.2857142857143 21.5714285714286 36.4
"汕头" 20.7142857142857 37.5714285714286 23.7142857142857 34.8571428571429 33 19.1428571428571 20 17.5714285714286 15.5714285714286 21.5714285714286 19 11.1428571428571 6.57142857142857 8.85714285714286 10.5714285714286 11.5714285714286 11.2857142857143 12.7142857142857 14.2857142857143 15.1428571428571 23.25 16.8571428571429 31.5714285714286 33.5714285714286 30.2857142857143 43
"汕尾" 16.8571428571429 34.8571428571429 22.2857142857143 30 26.1428571428571 16.4285714285714 16.4285714285714 16.7857142857143 13 18.1428571428571 16.4285714285714 6.71428571428571 4.28571428571429 5.14285714285714 8.57142857142857 10.2857142857143 8.71428571428571 12.5714285714286 12.1428571428571 14.8571428571429 26.5714285714286 13.3928571428571 30.2857142857143 22 23.5714285714286 35.6
"商洛" 84.5714285714286 47.7142857142857 70.8571428571429 39.2857142857143 30.4285714285714 42.5714285714286 33.1428571428571 53.7142857142857 30.4285714285714 25.9285714285714 9.42857142857143 17.2142857142857 18.5714285714286 14.5714285714286 11.8571428571429 16 13.0714285714286 22.4285714285714 13.7142857142857 11.8571428571429 17.7142857142857 28.2857142857143 26.0714285714286 30.8571428571429 34.7142857142857 64
"商丘" 111.857142857143 102.285714285714 101.857142857143 49.1428571428571 51.4285714285714 78.4285714285714 25.1428571428571 34.7142857142857 25.9285714285714 31.5714285714286 22 25.2857142857143 16 17.8571428571429 13.8571428571429 26.8571428571429 22.8571428571429 32.5714285714286 19.7142857142857 29.7142857142857 69.5714285714286 60.1428571428571 49.2857142857143 46.1428571428571 79.2857142857143 166.4
"上海" 26.7142857142857 24.7142857142857 24.2857142857143 33.7142857142857 44.8571428571429 25.2857142857143 34.2857142857143 25 23.5714285714286 27.2857142857143 22.8571428571429 22.8571428571429 18.8571428571429 25.8571428571429 9 22 18.1428571428571 15.5714285714286 17.4285714285714 9.14285714285714 40.5714285714286 30 43 38 51 80.2
"上饶" 36 42.1428571428571 17 41.8571428571429 35.8571428571429 18.2857142857143 23.7142857142857 26.4285714285714 23.2857142857143 30.5714285714286 27.4285714285714 30 11.2857142857143 17.8571428571429 8.85714285714286 23 12.8571428571429 18.1428571428571 17.5714285714286 15.7142857142857 35 20 36.5714285714286 27 34.5714285714286 73.8
"韶关" 19.4285714285714 50.7142857142857 15.5714285714286 39 38.5714285714286 23 19.4285714285714 22.4285714285714 20.7142857142857 27 20.2857142857143 19.5714285714286 11.4285714285714 16.7142857142857 16.4285714285714 14.8571428571429 12.7142857142857 13.2857142857143 17 20.4285714285714 31.5714285714286 16.8571428571429 50.8571428571429 36.7142857142857 34 54.6
"邵阳" 89.5714285714286 67.1428571428571 46.9285714285714 59 54.5714285714286 24.8571428571429 23 32.7142857142857 29.2857142857143 41 28.1428571428571 28.8571428571429 16 16.1428571428571 19.1428571428571 26.7142857142857 28.6428571428571 24.1428571428571 22.4285714285714 27 43.8571428571429 26.1428571428571 67 57.4285714285714 70.2857142857143 154.2
"绍兴" 33.2857142857143 35.5714285714286 29 42.5714285714286 41.2857142857143 27.2857142857143 27.5714285714286 27.8571428571429 20.1428571428571 25.4285714285714 30.1428571428571 31.4285714285714 14.1428571428571 22.4285714285714 8.57142857142857 27.5714285714286 18.4285714285714 18.5714285714286 16 12 38.5714285714286 32.7142857142857 41.2857142857143 34.1428571428571 54 131.2
"沈阳" 35.2857142857143 46 71.2857142857143 27.1428571428571 60.4285714285714 49.1428571428571 76.4285714285714 32.8571428571429 18.5714285714286 30 17.2857142857143 22.1428571428571 19.4285714285714 17.2857142857143 13.4285714285714 8.42857142857143 14.2857142857143 22.1428571428571 17.8571428571429 17.4285714285714 20.7142857142857 41 28.5714285714286 32.7142857142857 78.5714285714286 78.8
"十堰" 78.2857142857143 34.5714285714286 72.7142857142857 40.1428571428571 40.4285714285714 41.4285714285714 32.2857142857143 39.7142857142857 23.7857142857143 26.5714285714286 16.2857142857143 17.7142857142857 20.7142857142857 15.8571428571429 16.2857142857143 21.4285714285714 18.2857142857143 28 15.2857142857143 13.3571428571429 21.1428571428571 31.7142857142857 28.8571428571429 21.3928571428571 54.7142857142857 91
"石家庄" 78.4285714285714 47.8571428571429 110.714285714286 54.5714285714286 80.4285714285714 91.2857142857143 31.4285714285714 39 32.4285714285714 44.4285714285714 25.2857142857143 24.2857142857143 18.8571428571429 16.7142857142857 20.8571428571429 26.2857142857143 21.2857142857143 46.4285714285714 26.1428571428571 26.5714285714286 52 44.7142857142857 31.4285714285714 56.1428571428571 52.8571428571429 94.6
"朔州" 95 28.4285714285714 55.1428571428571 31.7142857142857 40.8571428571429 89.2857142857143 24.2857142857143 44.1428571428571 32.5714285714286 44.4285714285714 23.2857142857143 22.7142857142857 21.8571428571429 17.7142857142857 18.8571428571429 22.7142857142857 16.7142857142857 25.1428571428571 17.8571428571429 25.7142857142857 27.8571428571429 28.1428571428571 22.5714285714286 50.8571428571429 64.5714285714286 88
"四平" 30.5714285714286 45.5714285714286 58.1428571428571 28.4285714285714 52.7142857142857 55.7142857142857 93.2857142857143 30.5714285714286 19.2857142857143 32.4285714285714 14.1428571428571 20 17.5714285714286 11.4285714285714 14.1428571428571 9.85714285714286 13.4285714285714 18.7142857142857 18.7142857142857 14.2857142857143 20.4285714285714 41.7142857142857 26.1428571428571 27 56.4285714285714 58.8
"苏州" 31.5714285714286 33 29.7142857142857 40 49.1428571428571 27.4285714285714 31 29.1428571428571 26.2857142857143 24.2857142857143 27.8571428571429 23.4285714285714 15.4285714285714 24.1428571428571 10.1428571428571 25.8571428571429 19.2857142857143 17 16.5714285714286 9.85714285714286 37.2857142857143 32.7142857142857 46.8571428571429 42.5714285714286 59.8571428571429 116.8
"宿迁" 58 45.8571428571429 54.5714285714286 45 71.8571428571429 61.7142857142857 29 32.4285714285714 28.4285714285714 28 27.7142857142857 31.4285714285714 22.1428571428571 27.1428571428571 14.8571428571429 27.7142857142857 25.4285714285714 26.5714285714286 25.5714285714286 19 51.2857142857143 44.8571428571429 53.5714285714286 42.7142857142857 67.2857142857143 123.8
"宿州" 74.8571428571429 59 58.4285714285714 52.7142857142857 59.4285714285714 73.7142857142857 28.7142857142857 33.2857142857143 27 29.2857142857143 25.4285714285714 23.2857142857143 15.2857142857143 16.8571428571429 10 24.1428571428571 26.1428571428571 25.8571428571429 20.8571428571429 21.1428571428571 60 57.4285714285714 53 46.2857142857143 77.2857142857143 142.2
"随州" 113.571428571429 65.5714285714286 70.1428571428571 52.5714285714286 63 54.5714285714286 29.5714285714286 38.5714285714286 28.7142857142857 39.2857142857143 21.2857142857143 24.5714285714286 18.1428571428571 18.4285714285714 18.5714285714286 23.1428571428571 24.5714285714286 18.9642857142857 17.8571428571429 26.5714285714286 37.8571428571429 46.4285714285714 45.1428571428571 35.2142857142857 68.8571428571429 127.6
"遂宁" 95 80.5714285714286 72.2857142857143 40 42.5714285714286 18.7142857142857 22.7142857142857 29 24.4285714285714 33.8571428571429 13.8571428571429 13.5 16.1428571428571 16.8571428571429 11.1428571428571 11.4285714285714 13.5714285714286 30.1428571428571 11 6.71428571428571 22.4285714285714 17.2857142857143 42.1428571428571 48.7142857142857 62.4285714285714 98.4
"台州" 28.1428571428571 29.1428571428571 18.7142857142857 39.4285714285714 31.2857142857143 22.2857142857143 25.4285714285714 19.7142857142857 19.7142857142857 22.5714285714286 16.1428571428571 22.5714285714286 13 14.5714285714286 8.85714285714286 21.5714285714286 13.5714285714286 13 12.4285714285714 9.71428571428571 29.8571428571429 20.2857142857143 35.5714285714286 32.7142857142857 38.2857142857143 52.6
"太原" 81.1428571428571 38.5714285714286 106.571428571429 61.2857142857143 50 99.1428571428571 27.7142857142857 56.4285714285714 33.8571428571429 44.4285714285714 27.1428571428571 22.7142857142857 25.2857142857143 21.2857142857143 21.2857142857143 32 20.5714285714286 39 24.4285714285714 39.2857142857143 42.4285714285714 38.5714285714286 32.4285714285714 60.8571428571429 59.4285714285714 120.4
"泰安" 75.2857142857143 68.8571428571429 108.571428571429 35.8571428571429 70.4285714285714 70.8571428571429 23.5714285714286 34.4285714285714 26 32.8571428571429 25 26.4285714285714 16.7142857142857 15.7142857142857 16 20 21.2857142857143 41.2857142857143 20.4285714285714 24.4285714285714 40.4285714285714 44.5714285714286 39.8571428571429 51.8571428571429 70 152.2
"泰州" 49.5714285714286 38.8571428571429 34.5714285714286 39.2857142857143 64.2857142857143 31.7142857142857 29.4285714285714 31.2857142857143 26.8571428571429 29.4285714285714 23 27.4285714285714 18.5714285714286 25 13.4285714285714 25.7142857142857 19.2857142857143 19 19.1428571428571 12.5714285714286 43.1428571428571 35 44.2857142857143 40.8571428571429 58.8571428571429 111.2
"唐山" 56.2857142857143 40.8571428571429 77.4285714285714 36.4285714285714 105.142857142857 78.7142857142857 26.1428571428571 28.1428571428571 26.1428571428571 43.7142857142857 32.1428571428571 28.5714285714286 25.8571428571429 19.5714285714286 27.7142857142857 24.2857142857143 22.4285714285714 52.8571428571429 24.7142857142857 27.7142857142857 35.2857142857143 37.1428571428571 24.8571428571429 50 39.8571428571429 100.2
"天津" 54.1428571428571 55.5714285714286 88.5714285714286 35.4285714285714 100.142857142857 77.4285714285714 26.4285714285714 30.2857142857143 25.2857142857143 40.8571428571429 27.5714285714286 25.8571428571429 21.8571428571429 22.5714285714286 25 22.2857142857143 21 56.4285714285714 24.5714285714286 26.8571428571429 41 42.1428571428571 23.5714285714286 53.1428571428571 59.7142857142857 92.4
"铜川" 92.8571428571429 43 113.142857142857 69.8571428571429 48.2857142857143 63.7142857142857 35.2857142857143 78 30.7142857142857 25.1428571428571 11.4285714285714 20.1428571428571 21.4285714285714 21.5714285714286 18.1428571428571 20.2857142857143 16.2857142857143 28.5714285714286 18.7142857142857 20.8571428571429 27.4285714285714 51.3571428571429 33.4285714285714 50.5714285714286 65.8571428571429 114
"铜陵" 54.4285714285714 46.5714285714286 39.7142857142857 52.1428571428571 42.7142857142857 22.8571428571429 23.2857142857143 25 21.7142857142857 24 29.1428571428571 26.7142857142857 12.2857142857143 16.1428571428571 10.7142857142857 23.7142857142857 22.1428571428571 22.7142857142857 15 15.7142857142857 36.5714285714286 35.7142857142857 45.7142857142857 39 51.7142857142857 134.8
"铜仁" 73 62.8571428571429 46.8571428571429 35 28.8571428571429 11.2857142857143 17.2857142857143 18.25 14.2857142857143 18.8571428571429 12.4285714285714 12.0714285714286 10.7142857142857 9.57142857142857 8.71428571428571 9.57142857142857 11.8571428571429 11.8571428571429 6.71428571428571 6.85714285714286 16.4285714285714 12.8571428571429 32.4285714285714 30 49.7142857142857 89
"威海" 17 23.5714285714286 44.2857142857143 21 51.7142857142857 30.5714285714286 36 19.5714285714286 14.7142857142857 26 15.8571428571429 15.4285714285714 14.2857142857143 18.7142857142857 12.8571428571429 13 12.4285714285714 19 10.2857142857143 7.71428571428571 15.7142857142857 16.2857142857143 16.8571428571429 24.1428571428571 35.8571428571429 55.8
"潍坊" 48.5714285714286 40.2857142857143 81.5714285714286 34.7142857142857 76.4285714285714 54.7142857142857 27.2857142857143 28.2857142857143 19.5714285714286 31.8571428571429 23.7142857142857 18.2857142857143 14.2857142857143 19.4285714285714 17.2857142857143 14.7142857142857 17.2857142857143 27.5714285714286 21.5714285714286 22.4285714285714 36.1428571428571 39.2857142857143 37 41.7142857142857 67.7142857142857 143.6
"渭南" 123.571428571429 86.2857142857143 158.928571428571 78.8571428571429 74 72.2857142857143 45.7142857142857 84.5714285714286 32.7142857142857 27.5714285714286 16 20.4285714285714 21.2857142857143 19.7857142857143 20.4285714285714 21.8571428571429 18.7142857142857 32.4285714285714 25.7142857142857 23 34.8571428571429 51.5714285714286 38.7142857142857 52 79.8571428571429 164.2
"温州" 35.2857142857143 24 20.8571428571429 45.4285714285714 40.1428571428571 34.2857142857143 35.7142857142857 29.2857142857143 25 25.1428571428571 17.4285714285714 24 15 17.5714285714286 10.1428571428571 22.4285714285714 14.8571428571429 14.8571428571429 14.5714285714286 11 31.5714285714286 19.1428571428571 34.7142857142857 33.5714285714286 38.7142857142857 56
"无锡" 32.1428571428571 28.5714285714286 28.1428571428571 36.7142857142857 44.8571428571429 25.1428571428571 28 28.7142857142857 21.8571428571429 21.4285714285714 27.7142857142857 22.8571428571429 10 18.2857142857143 8.28571428571429 23.4285714285714 18.1428571428571 17.5714285714286 18.4285714285714 9.85714285714286 38.4285714285714 31.2857142857143 41.7142857142857 36.5714285714286 54.4285714285714 103.4
"芜湖" 48.8571428571429 48.4285714285714 45 55.4285714285714 47.8571428571429 27.1428571428571 24.8571428571429 31.5714285714286 25.8571428571429 27.7142857142857 29 27.8571428571429 11.4285714285714 17.4285714285714 12 26.2857142857143 22.8571428571429 22.4285714285714 15.1428571428571 14.4285714285714 42.4285714285714 38.1428571428571 51 40.7142857142857 56.7142857142857 142
"梧州" 17.8571428571429 46.4285714285714 14.2857142857143 47.4285714285714 46.8571428571429 35.7142857142857 23 34 22.6428571428571 31.4285714285714 33.3571428571429 23.8571428571429 15.7142857142857 20.8571428571429 30 16.8571428571429 15.8571428571429 16.1428571428571 18 23.4285714285714 21 14.4285714285714 46.5714285714286 37.5714285714286 32 42.6
"武汉" 85.2857142857143 69.8571428571429 62.2857142857143 49.5714285714286 52.4285714285714 32.8571428571429 23.4285714285714 33.2857142857143 26 35.2857142857143 20.1428571428571 28.7142857142857 14.8571428571429 10 9 21.5714285714286 23.0714285714286 22.4285714285714 14.7142857142857 17.5714285714286 40.4285714285714 37 44.8571428571429 36.2857142857143 66.2857142857143 150
"西安" 135.857142857143 84.2857142857143 184.428571428571 79.8571428571429 65.7857142857143 68 42.2857142857143 75.4285714285714 32.2857142857143 26.2857142857143 13 20.1428571428571 20.5714285714286 20.4285714285714 17.4285714285714 22.5714285714286 18.4285714285714 32.2857142857143 20.8571428571429 17.1428571428571 31 54.8571428571429 44.1428571428571 59.8571428571429 96.8571428571429 152
"咸宁" 74.1428571428571 72.5 57.1428571428571 45 34.8571428571429 23.7142857142857 20.1428571428571 27.1428571428571 24.4285714285714 31 26.1428571428571 25.5714285714286 14.1428571428571 14.6428571428571 12.1428571428571 22.1428571428571 23.8571428571429 23.0714285714286 15.2857142857143 21.7142857142857 31.5714285714286 33.8571428571429 39.4285714285714 28.2857142857143 50.7142857142857 136.4
"咸阳" 140.285714285714 88.1428571428571 176.857142857143 99.4285714285714 67.5714285714286 67.4285714285714 44 75.1428571428571 30.9285714285714 28.4285714285714 12.2857142857143 21.2857142857143 23 22.7142857142857 17.8571428571429 21.5 18.5714285714286 36.1428571428571 21.4285714285714 19 32.5714285714286 68 50 67.1428571428571 97.8571428571429 166.4
"湘潭" 97.7142857142857 76.4285714285714 71.8571428571429 60.5714285714286 55.5714285714286 25.7142857142857 22 25.5714285714286 25.7142857142857 39.2857142857143 27.4285714285714 23.8571428571429 14.4285714285714 17.5714285714286 14.1428571428571 18.5714285714286 24.4285714285714 22.4285714285714 9.98214285714286 20.5714285714286 45.7142857142857 35.1428571428571 54.7142857142857 35 54.2857142857143 153.2
"襄阳" 90.2142857142857 69.7857142857143 107.285714285714 60.5714285714286 63.2857142857143 63 31 52.1428571428571 39.2857142857143 42.7142857142857 23.1428571428571 25.1428571428571 18.5714285714286 19.2857142857143 19.5714285714286 26.5714285714286 26.4285714285714 29.8571428571429 19.8571428571429 29.5714285714286 38.9285714285714 57.7142857142857 55 53.2857142857143 89.8571428571429 140.4
"孝感" 107.285714285714 87 79.8571428571429 53.8571428571429 58 44.5714285714286 26.1428571428571 33.8571428571429 26.8571428571429 32.1428571428571 18.2857142857143 27.1428571428571 13.1428571428571 13.2857142857143 12.2857142857143 19.7142857142857 22.7142857142857 20.5714285714286 14.8571428571429 18.2857142857143 42.1428571428571 47.1428571428571 51 40.4285714285714 76.8571428571429 167.6
"忻州" 98.7142857142857 40.1428571428571 85.5714285714286 41.8571428571429 33.4285714285714 93.2857142857143 24.4285714285714 39.4285714285714 27.8571428571429 33.2857142857143 22.7142857142857 17.7142857142857 22.2857142857143 20.1428571428571 24.2857142857143 30 18.2857142857143 34.8571428571429 24.8571428571429 30.4285714285714 29.4285714285714 24.2857142857143 28.1428571428571 43 89.1428571428571 166.4
"新乡" 101.571428571429 70 125.571428571429 56 69 82.1428571428571 32.5714285714286 40 26.5714285714286 42.7142857142857 26.5714285714286 26.1428571428571 19.7142857142857 16.8571428571429 20.5714285714286 26.2857142857143 23.1428571428571 39.1428571428571 22.4285714285714 27.5714285714286 51.7142857142857 70.8571428571429 41 52.8571428571429 74.2857142857143 111.8
"新余" 59 51.4285714285714 25.7142857142857 45.2857142857143 47.2857142857143 19.7142857142857 24.7142857142857 27.7142857142857 27.5714285714286 33 24.5714285714286 28 15 26.1428571428571 13.5714285714286 25.1428571428571 26 21.8571428571429 21.5714285714286 22.8571428571429 36.2857142857143 25.8571428571429 42.7142857142857 31.5714285714286 49.5714285714286 96.4
"信阳" 117.285714285714 76.5 89 59.2857142857143 48.2857142857143 73.2857142857143 34.1428571428571 39.5714285714286 27.7142857142857 31.5714285714286 19.5714285714286 25.4285714285714 16.5714285714286 16.5 14.5714285714286 22.2857142857143 22.1428571428571 20.4285714285714 13.2857142857143 22.9285714285714 28.1428571428571 40.2857142857143 39.7142857142857 37.7142857142857 70.2857142857143 165
"邢台" 81.1428571428571 52 116.571428571429 58.4285714285714 76.1428571428571 99.5714285714286 32.2857142857143 38.2857142857143 29.2857142857143 41.8571428571429 24.1428571428571 22.5714285714286 20.7142857142857 18.7142857142857 22.5714285714286 24 22.7142857142857 50.8571428571429 17 21.1428571428571 51.7142857142857 56.5714285714286 30.1428571428571 51.2857142857143 61.5714285714286 113.4
"徐州" 78 53.2857142857143 64.2857142857143 40.4285714285714 64.2857142857143 69.5714285714286 28 35.7142857142857 27 29.5714285714286 34.5714285714286 29.1428571428571 23.5714285714286 23.4285714285714 16.4285714285714 29 26.8571428571429 33 25.8571428571429 24.2857142857143 59.4285714285714 53 51 48.1428571428571 73.4285714285714 137.6
"许昌" 108.571428571429 76.2857142857143 144.142857142857 55.4285714285714 54.8571428571429 73.1428571428571 30.4285714285714 42.8571428571429 26.1428571428571 34.1428571428571 17.4285714285714 27 18.5714285714286 15.4285714285714 14.7142857142857 24.4285714285714 23.4285714285714 37.7142857142857 17 35.8571428571429 58.2857142857143 62.7142857142857 36.5714285714286 47.5714285714286 75 121.6
"宣城" 38.1428571428571 43.5714285714286 44.1428571428571 54.8571428571429 36.1428571428571 27.7142857142857 23.8571428571429 29 22.4285714285714 22.8571428571429 26.1428571428571 26.8571428571429 8.71428571428571 13.2857142857143 10.2857142857143 23.5714285714286 18.5714285714286 22.1428571428571 12.5714285714286 15.5714285714286 31.2857142857143 39 43.1428571428571 37 50.7142857142857 131.6
"雅安" 84.9285714285714 50.5714285714286 63.5714285714286 24.7142857142857 41.9285714285714 19.5 24.8571428571429 24 32.1428571428571 29.1428571428571 17.4285714285714 20.2857142857143 26 17.8571428571429 11.2857142857143 10.2857142857143 13.1428571428571 32.7142857142857 15.2857142857143 9.28571428571429 26.4285714285714 28.1428571428571 40.1428571428571 67.2857142857143 88.0714285714286 125
"烟台" 18.5714285714286 27.5714285714286 52.7142857142857 24.7142857142857 63 30.8571428571429 34.2857142857143 21.2857142857143 14.7142857142857 29.7142857142857 18.1428571428571 16.2857142857143 11.4285714285714 16.4285714285714 10.2857142857143 13.8571428571429 14.5714285714286 21.8571428571429 14 12.4285714285714 22.7142857142857 23.2857142857143 24.1428571428571 30 47.7142857142857 77.8
"延安" 66.8571428571429 41.7142857142857 66.5714285714286 46.8571428571429 37 70.1428571428571 23.1428571428571 65 24.4285714285714 25 12.4285714285714 12.7142857142857 17 14.5714285714286 14.7142857142857 18.2857142857143 13.4285714285714 22.8571428571429 12.8571428571429 16.7142857142857 17.8571428571429 23.8571428571429 24.9285714285714 39.4285714285714 40.8571428571429 58
"盐城" 38.4285714285714 30.1428571428571 25.5714285714286 31.4285714285714 61 25.5714285714286 29.1428571428571 22.4285714285714 20.5714285714286 24.1428571428571 14.7142857142857 15.7142857142857 12.8571428571429 20.2857142857143 13.1428571428571 20 13 13.8571428571429 12.5714285714286 10.7142857142857 34.8571428571429 35.1428571428571 38.5714285714286 37.8571428571429 57.2857142857143 89
"扬州" 43.1428571428571 35.7142857142857 37.7142857142857 44.4285714285714 65 33.4285714285714 29.2857142857143 33.2857142857143 27 28.8571428571429 23.2857142857143 26.7142857142857 16.4285714285714 21.8571428571429 15.5714285714286 24.7142857142857 21.2857142857143 21 20.1428571428571 14 40.7142857142857 34.7142857142857 48.1428571428571 38.7142857142857 62.7142857142857 131
"阳江" 20 31.8571428571429 24.7142857142857 36.8571428571429 27.8571428571429 15.8571428571429 17.4285714285714 26.8571428571429 12.2857142857143 18.4285714285714 16.2857142857143 13.7142857142857 8.28571428571429 7.71428571428571 13.2857142857143 9.57142857142857 8.14285714285714 11.5714285714286 9.14285714285714 18 31.2857142857143 19.4285714285714 45.4285714285714 26.5714285714286 31.8571428571429 52
"阳泉" 73.7142857142857 30.5714285714286 97.2857142857143 63.4285714285714 41.8571428571429 95.8571428571429 31.7142857142857 44.4285714285714 31.1428571428571 40.2857142857143 23.4285714285714 24.7142857142857 22.8571428571429 18.1428571428571 22.5714285714286 31.8571428571429 21.4285714285714 42.4285714285714 24.5714285714286 31.1428571428571 35.1428571428571 30.8571428571429 29.4285714285714 50.7142857142857 44.1428571428571 92.4
"宜宾" 112.142857142857 84.1428571428571 132.071428571429 49.9285714285714 66.1428571428571 39.6428571428571 31.8571428571429 34.2857142857143 45 48 27.2857142857143 21.4285714285714 27.8571428571429 19.4285714285714 15.8571428571429 20.0714285714286 20.7142857142857 38.4285714285714 22.7857142857143 18.7142857142857 35.7142857142857 42.8571428571429 67.5714285714286 71.7142857142857 86 136
"宜昌" 147.142857142857 67 99.7142857142857 58.5714285714286 40 44.7142857142857 28 31.2857142857143 28 26.1428571428571 21.4285714285714 17.2857142857143 13.7857142857143 9.03571428571429 13.2857142857143 20.7142857142857 22.1428571428571 22 4.61607142857143 9.71428571428571 31.4285714285714 37.2857142857143 43 42 82.5714285714286 148.8
"宜春" 48.1428571428571 56.4285714285714 25.7142857142857 45.8571428571429 42.7142857142857 22.8571428571429 22.5714285714286 24.7142857142857 26.1428571428571 34.1428571428571 27.1428571428571 25.8571428571429 15.1428571428571 18.4285714285714 15.4285714285714 24.2857142857143 26.1428571428571 22.7142857142857 20.8571428571429 26.8571428571429 35.8571428571429 23.2857142857143 40.7142857142857 29.5714285714286 42.1428571428571 82.8
"益阳" 122 101.142857142857 82.7142857142857 64.7142857142857 41.4285714285714 32.7142857142857 23.5 31.8571428571429 23.1428571428571 34.7142857142857 25.8571428571429 27.5714285714286 12.7142857142857 11 13 23.8571428571429 31.1428571428571 33.1428571428571 15 26.2857142857143 49.2857142857143 44.5714285714286 59.5714285714286 37.2857142857143 71.8571428571429 166
"鹰潭" 38.2857142857143 51.7142857142857 21.4285714285714 46.7142857142857 43.8571428571429 16.2857142857143 20 23.7142857142857 17.5714285714286 24.2857142857143 25.8571428571429 28.4285714285714 8 15.8571428571429 9.14285714285714 25.8571428571429 15.5714285714286 20.5714285714286 15.5714285714286 17.4285714285714 33.7142857142857 20.2857142857143 42.5714285714286 26.1428571428571 37.1428571428571 81.8
"营口" 31.1428571428571 49.5714285714286 79.7142857142857 28.8571428571429 56.1428571428571 46.4285714285714 56.5714285714286 30.4285714285714 17.2857142857143 32.8571428571429 18.1428571428571 20 19 22.7142857142857 13.8571428571429 12.8571428571429 17.5714285714286 28.7142857142857 20.7142857142857 18.2857142857143 19.8571428571429 31.2857142857143 25.2857142857143 37.1428571428571 65.8571428571429 72
"永州" 70.2857142857143 71.8571428571429 38.7142857142857 63.5714285714286 49.8571428571429 21.7142857142857 20.8571428571429 28.4285714285714 26.7142857142857 30.4285714285714 30.2857142857143 27.8571428571429 14.4285714285714 15.8571428571429 19.2857142857143 19.5714285714286 25.7142857142857 25.5714285714286 18.8571428571429 36.8571428571429 35 27 56.4285714285714 33.8571428571429 53.1428571428571 126
"榆林" 52.7142857142857 24.1428571428571 49 35.5714285714286 39.2857142857143 81.5714285714286 22.5714285714286 71.1428571428571 25.1428571428571 41 18.2857142857143 15.4285714285714 17.4285714285714 14 14.3571428571429 15.1428571428571 15 25.2857142857143 17.1428571428571 18.4285714285714 21.5714285714286 21 18.7142857142857 41 40.1428571428571 71.8
"玉林" 18.8571428571429 56.0714285714286 19.7142857142857 46.7142857142857 43.8571428571429 33.2857142857143 24.4285714285714 36.1428571428571 25 30.8571428571429 25.9285714285714 21.9285714285714 15.9285714285714 19.4285714285714 22.2857142857143 10.8571428571429 15.5714285714286 12.8571428571429 16 22.7142857142857 27.1428571428571 15 57.1428571428571 30.5714285714286 38.7142857142857 59.6
"岳阳" 101.571428571429 75.5714285714286 64.1428571428571 49 42.7142857142857 27 22.4285714285714 30.1428571428571 23 30.2857142857143 22.4285714285714 23 14.1428571428571 14.7142857142857 13.1428571428571 25.2857142857143 29 26.5714285714286 16.2142857142857 19.2857142857143 38.4285714285714 32.7142857142857 40.5714285714286 26.8571428571429 50.5714285714286 114.4
"云浮" 14.5714285714286 43.5714285714286 23.7142857142857 40.7142857142857 36.8571428571429 24.1428571428571 18 26.2857142857143 17.8571428571429 19.8571428571429 18.5714285714286 15.8571428571429 10.1428571428571 9.57142857142857 12.2857142857143 12.5714285714286 9.57142857142857 10 12.1428571428571 15 24.1428571428571 18 51.8571428571429 28.7142857142857 31.1428571428571 33.3
"运城" 97.4285714285714 66.8571428571429 116.571428571429 76.8571428571429 79.7142857142857 65.5714285714286 34.7142857142857 48.5714285714286 31 30.7142857142857 18.1428571428571 19.5714285714286 22 19.5714285714286 23 24.7142857142857 22.2857142857143 34 23.7142857142857 26.4285714285714 51 52.2857142857143 46.8571428571429 54.4285714285714 68.2857142857143 166.8
"枣庄" 72.5714285714286 60.5714285714286 74.2857142857143 39.8571428571429 70.5714285714286 69.4285714285714 26.2857142857143 34.7142857142857 28.8571428571429 28.7142857142857 29 27.4285714285714 20.2857142857143 18.8571428571429 14.8571428571429 23.4285714285714 27.2857142857143 38.7142857142857 26 28 49.4285714285714 48.5714285714286 48.5714285714286 47.1428571428571 73.2857142857143 141.4
"湛江" 17.5714285714286 39.2857142857143 16.4285714285714 36.1428571428571 27.7857142857143 18.1428571428571 19 25.5 16.5714285714286 21 15 15 9.85714285714286 8.57142857142857 12.5714285714286 11.2857142857143 9.57142857142857 20.1428571428571 6.42857142857143 18.1428571428571 26.1428571428571 13.8571428571429 43.7142857142857 19.8571428571429 34.5714285714286 40
"张家界" 106.428571428571 66 62.1428571428571 36.5714285714286 27.8571428571429 26 21.2857142857143 23.5714285714286 21.1428571428571 25.8571428571429 21 17.2857142857143 12.9285714285714 16.5714285714286 13 21.1428571428571 26 24.1428571428571 11.7142857142857 11.8571428571429 26.5714285714286 30.5714285714286 40.7142857142857 27.7857142857143 67.7857142857143 108.4
"张家口" 40.4285714285714 23.2857142857143 37 16 35.5714285714286 66 17.1428571428571 23.1428571428571 20.8571428571429 35.5714285714286 17.4285714285714 13.5714285714286 16.7142857142857 12.5714285714286 13.5714285714286 17.5714285714286 10.5714285714286 20 11.1428571428571 10.7142857142857 10.4285714285714 9.14285714285714 14 31.4285714285714 22.5714285714286 35.8
"漳州" 23.8571428571429 29.8571428571429 30.7142857142857 39.4285714285714 38.8571428571429 27.4285714285714 20.5714285714286 18.7142857142857 17.1428571428571 26.8571428571429 17.8571428571429 14.7142857142857 7.28571428571429 15.7142857142857 8.85714285714286 14.2857142857143 13.1428571428571 9.42857142857143 21 17.1428571428571 35 22.1428571428571 34.1428571428571 35.2857142857143 28.7142857142857 46.6
"长沙" 92.8571428571429 75 68.8571428571429 58.7142857142857 53.8571428571429 22 22.2857142857143 25.5714285714286 26 35 24.9285714285714 22.7142857142857 13.4285714285714 15.4285714285714 13 21 23.8571428571429 22.7142857142857 15 20.3571428571429 40.8571428571429 33.2857142857143 52.8571428571429 35.2857142857143 56 157.2
"长治" 73.1428571428571 28.5714285714286 104.285714285714 63.4285714285714 43.5714285714286 79.5714285714286 23.7142857142857 39.5714285714286 22 37.1428571428571 21.5714285714286 20 24 16.4285714285714 17.7142857142857 31.5714285714286 21.1428571428571 34.1428571428571 19.5714285714286 25.8571428571429 35.1428571428571 35.5714285714286 23.7142857142857 46.2857142857143 42 93.4
"肇庆" 14.8571428571429 40.5714285714286 27.8571428571429 38.7857142857143 36 23.4285714285714 21.5714285714286 28.8571428571429 17 26.5714285714286 22.7142857142857 21.7142857142857 12 11 13.2857142857143 11.7142857142857 14.5714285714286 12.1428571428571 18.8571428571429 19.4285714285714 27.7142857142857 21.4285714285714 48.2857142857143 35.4285714285714 25 32.6
"镇江" 50.4285714285714 36 40.5714285714286 43.5714285714286 62 38.2857142857143 33.5714285714286 38.8571428571429 28.8571428571429 31.7142857142857 29.2857142857143 31.7142857142857 18.4285714285714 22.5714285714286 15.8571428571429 26.5714285714286 24 23 24.8571428571429 15.1428571428571 51.4285714285714 40 50.8571428571429 42.2857142857143 64.4285714285714 132.4
"郑州" 103.142857142857 76 129 62 59.5714285714286 69.5714285714286 30.8571428571429 40 28.8571428571429 38.5714285714286 19.1428571428571 25 19.5714285714286 18.7142857142857 17.2857142857143 23.2857142857143 20.8571428571429 36.1428571428571 19.2857142857143 22.4285714285714 35.8571428571429 59.1428571428571 36.2857142857143 52.7142857142857 62.1428571428571 117.8
"中山" 18 37 20.2857142857143 35.4285714285714 26.1428571428571 16.2857142857143 15.1428571428571 21.4285714285714 13 24.2857142857143 22.2857142857143 13 7.14285714285714 9.28571428571429 13.4285714285714 10.1428571428571 5.14285714285714 14 11.8571428571429 18.8571428571429 29.2857142857143 16.4285714285714 42.2857142857143 24.8571428571429 35 62.6
"重庆" 106.142857142857 86.1428571428571 62.4285714285714 44.5714285714286 49.7142857142857 21.0714285714286 26.1428571428571 28.2857142857143 28 37.2857142857143 22.1428571428571 22.0714285714286 17.4285714285714 17.2857142857143 15.1428571428571 14.7142857142857 26.4285714285714 27.8571428571429 20.8571428571429 11 36.1428571428571 24.2857142857143 60.7142857142857 66 74.4285714285714 121.2
"周口" 97.1071428571429 98.4285714285714 115.714285714286 59.4285714285714 46 83.7142857142857 29.5714285714286 43.4285714285714 28.1428571428571 33.7142857142857 25.8571428571429 29.4285714285714 15.2857142857143 15.5714285714286 11.1428571428571 22.7142857142857 21 32.1428571428571 15.7142857142857 29.1071428571429 50 60.8571428571429 46.5714285714286 48.4285714285714 82.4285714285714 162
"珠海" 16.4285714285714 31.1428571428571 16.7142857142857 29.2857142857143 22.4285714285714 15.5714285714286 17 21.7142857142857 14.7142857142857 21.4285714285714 21 10.8571428571429 7.57142857142857 6.71428571428571 12.8571428571429 9.71428571428571 6.28571428571429 14.2857142857143 8.57142857142857 16.2857142857143 22.5714285714286 15 33.7142857142857 20.5714285714286 32.8571428571429 49
"株洲" 93 76 64.5714285714286 58.1428571428571 56.7142857142857 24.8571428571429 21.7142857142857 24.8571428571429 26 36.1428571428571 28 23.7142857142857 13.5714285714286 17.1428571428571 13.2857142857143 19.5714285714286 24 22.4285714285714 15.7142857142857 22.5714285714286 45.5714285714286 33.8571428571429 54.5714285714286 38.2857142857143 54.1428571428571 153.8
"驻马店" 109.428571428571 83.4285714285714 93 55.8571428571429 43.7142857142857 76.8571428571429 32.8571428571429 38 25.8571428571429 27.1428571428571 18.4285714285714 25.5714285714286 13.2857142857143 13.1428571428571 12.8571428571429 20.7142857142857 21.4285714285714 26.4285714285714 15.7142857142857 35.3571428571429 30.1428571428571 53.8571428571429 42 40.4285714285714 72 123
"资阳" 100.142857142857 78.8571428571429 82.8571428571429 41.1428571428571 47.1428571428571 25.5714285714286 22.1428571428571 25.2857142857143 31.7142857142857 35.2857142857143 15.2857142857143 14.5714285714286 16.4285714285714 17.8571428571429 9.64285714285714 9.85714285714286 14.4285714285714 36 13.5714285714286 13.2857142857143 25 26.7142857142857 53 69.8571428571429 77.4285714285714 127.4
"淄博" 73 58.8571428571429 109.428571428571 31 67.8571428571429 64 24.8571428571429 32.2857142857143 23.8571428571429 36.8571428571429 33.4285714285714 26.4285714285714 17.2857142857143 19 18.7142857142857 18.7142857142857 24 44.2857142857143 22.1428571428571 29.4285714285714 35.5714285714286 42.4285714285714 43.4285714285714 41 70.8571428571429 166.8
"自贡" 111.142857142857 86.4285714285714 103.428571428571 51.8571428571429 61.5714285714286 32.4285714285714 23.7142857142857 28 37 43.1428571428571 20.3928571428571 15.7142857142857 19.2857142857143 14.2857142857143 14.5714285714286 17.2857142857143 21.7142857142857 48.4285714285714 26.1428571428571 23.1428571428571 42 40.2857142857143 72.1428571428571 77 86.7142857142857 143.6
"遵义" 54 46.1428571428571 24.5714285714286 26.1428571428571 35.4285714285714 15 22.7142857142857 19.1428571428571 24.2857142857143 34.5714285714286 14.4285714285714 16.1428571428571 11.5714285714286 13 13.8571428571429 11.2142857142857 17.1428571428571 20.5714285714286 12.4285714285714 13.4285714285714 23.7142857142857 15.7142857142857 41.8571428571429 42.5714285714286 51.5714285714286 65.8
